D:/DATA/images\104\059\104059ec121dc9d744f55871a2c11fa.jpg D:/DATA/images\050\795\050795728727d3123a472b8c69adf.jpg 0 0 1165.37 0. 650.862 0. 1166.11 488.595 0. 0. 1. 1165.37 0. 650.862 0. 1166.11 488.595 0. 0. 1. 0.15102 0.52115 -0.84 1.95984 -0.41332 0.80519 0.42525 -1.02578 0.89798 0.28297 0.337 1.24882 0. 0. 0. 1.
D:/DATA/images\13a\a9e\13aa9e767659829424f97bfefda224.jpg D:/DATA/images\12c\0cc\12c0ccc61badf833143f64b973b5c3.jpg 0 0 1165.37 0. 650.862 0. 1166.11 488.595 0. 0. 1. 1165.37 0. 650.862 0. 1166.11 488.595 0. 0. 1. 0.15102 0.52115 -0.84 1.95984 -0.41332 0.80519 0.42525 -1.02578 0.89798 0.28297 0.337 1.24882 0. 0. 0. 1.
D:/DATA/images\11e\b66\11eb66d2cbd1cf97787b2061453e1bd.jpg D:/DATA/images\108\99e\10899ec6cac57f454c27f196cef9d.jpg 0 0 1165.37 0. 650.862 0. 1166.11 488.595 0. 0. 1. 1165.37 0. 650.862 0. 1166.11 488.595 0. 0. 1. 0.15102 0.52115 -0.84 1.95984 -0.41332 0.80519 0.42525 -1.02578 0.89798 0.28297 0.337 1.24882 0. 0. 0. 1.
D:/DATA/images\102\966\102966745e8a66766fafac1c295c1a9.jpg D:/DATA/images\1a1\09c\1a109c96738d14f180acde4cddf25049.jpg 0 0 1165.37 0. 650.862 0. 1166.11 488.595 0. 0. 1. 1165.37 0. 650.862 0. 1166.11 488.595 0. 0. 1. 0.15102 0.52115 -0.84 1.95984 -0.41332 0.80519 0.42525 -1.02578 0.89798 0.28297 0.337 1.24882 0. 0. 0. 1.
D:/DATA/images\0f1\dbf\0f1dbf1207918641fe438ff9fc456e.jpg D:/DATA/images\16f\3c7\16f3c7e18da467169925fd1ba89ab3f0.jpg 0 0 1165.37 0. 650.862 0. 1166.11 488.595 0. 0. 1. 1165.37 0. 650.862 0. 1166.11 488.595 0. 0. 1. 0.15102 0.52115 -0.84 1.95984 -0.41332 0.80519 0.42525 -1.02578 0.89798 0.28297 0.337 1.24882 0. 0. 0. 1.
D:/DATA/images\062\316\062316620aec1278eea52bdb359b45.jpg D:/DATA/images\05c\dde\05cdde2856949fde6cd233fd0959a83.jpg 0 0 1165.37 0. 650.862 0. 1166.11 488.595 0. 0. 1. 1165.37 0. 650.862 0. 1166.11 488.595 0. 0. 1. 0.15102 0.52115 -0.84 1.95984 -0.41332 0.80519 0.42525 -1.02578 0.89798 0.28297 0.337 1.24882 0. 0. 0. 1.
D:/DATA/images\101\2b3\1012b31612ba8c1acf63faecbf981489.jpg D:/DATA/images\11e\028\11e028ef67f2d7527138f450b94a6742.jpg 0 0 1165.37 0. 650.862 0. 1166.11 488.595 0. 0. 1. 1165.37 0. 650.862 0. 1166.11 488.595 0. 0. 1. 0.15102 0.52115 -0.84 1.95984 -0.41332 0.80519 0.42525 -1.02578 0.89798 0.28297 0.337 1.24882 0. 0. 0. 1.
D:/DATA/images\12a\2b4\12a2b4deb0d8a06992bbe0982069fe65.jpg D:/DATA/images\19a\090\19a0904c6ebd87c844791e81e93acffd.jpg 0 0 1165.37 0. 650.862 0. 1166.11 488.595 0. 0. 1. 1165.37 0. 650.862 0. 1166.11 488.595 0. 0. 1. 0.15102 0.52115 -0.84 1.95984 -0.41332 0.80519 0.42525 -1.02578 0.89798 0.28297 0.337 1.24882 0. 0. 0. 1.
D:/DATA/images\054\6f8\0546f89caabdb93b14f03beed485.jpg D:/DATA/images\11a\f6a\11af6a1cc4fa6f42b78c9d3fc7e7cc.jpg 0 0 1165.37 0. 650.862 0. 1166.11 488.595 0. 0. 1. 1165.37 0. 650.862 0. 1166.11 488.595 0. 0. 1. 0.15102 0.52115 -0.84 1.95984 -0.41332 0.80519 0.42525 -1.02578 0.89798 0.28297 0.337 1.24882 0. 0. 0. 1.
D:/DATA/images\1a0\b6e\1a0b6e425cc58217c64c6832928661.jpg D:/DATA/images\16e\ddd\16eddd6cefa2bb32fd64d81bf09add.jpg 0 0 1165.37 0. 650.862 0. 1166.11 488.595 0. 0. 1. 1165.37 0. 650.862 0. 1166.11 488.595 0. 0. 1. 0.15102 0.52115 -0.84 1.95984 -0.41332 0.80519 0.42525 -1.02578 0.89798 0.28297 0.337 1.24882 0. 0. 0. 1.
D:/DATA/images\11e\49f\11e49f593da1e31689c7aabbf5898b.jpg D:/DATA/images\17d\678\17d6785d5ddfffb071782189bd4c94.jpg 0 0 1165.37 0. 650.862 0. 1166.11 488.595 0. 0. 1. 1165.37 0. 650.862 0. 1166.11 488.595 0. 0. 1. 0.15102 0.52115 -0.84 1.95984 -0.41332 0.80519 0.42525 -1.02578 0.89798 0.28297 0.337 1.24882 0. 0. 0. 1.
D:/DATA/images\13b\269\13b2695bc54a6f1be04f7d62aae33848.jpg D:/DATA/images\01f\fa9\01ffa97477b92ad22fc520883513c6.jpg 0 0 1165.37 0. 650.862 0. 1166.11 488.595 0. 0. 1. 1165.37 0. 650.862 0. 1166.11 488.595 0. 0. 1. 0.15102 0.52115 -0.84 1.95984 -0.41332 0.80519 0.42525 -1.02578 0.89798 0.28297 0.337 1.24882 0. 0. 0. 1.
D:/DATA/images\10b\dc3\10bdc35a1c3cbc494c881c0c585c95a.jpg D:/DATA/images\16f\577\16f577b21716ef531e5e12f371daf872.jpg 0 0 1165.37 0. 650.862 0. 1166.11 488.595 0. 0. 1. 1165.37 0. 650.862 0. 1166.11 488.595 0. 0. 1. 0.15102 0.52115 -0.84 1.95984 -0.41332 0.80519 0.42525 -1.02578 0.89798 0.28297 0.337 1.24882 0. 0. 0. 1.
D:/DATA/images\14e\af7\14eaf755f9bc768695386bd287c77f83.jpg D:/DATA/images\13b\19e\13b19e9eeca53982817452754b455f3f.jpg 0 0 1165.37 0. 650.862 0. 1166.11 488.595 0. 0. 1. 1165.37 0. 650.862 0. 1166.11 488.595 0. 0. 1. 0.15102 0.52115 -0.84 1.95984 -0.41332 0.80519 0.42525 -1.02578 0.89798 0.28297 0.337 1.24882 0. 0. 0. 1.
D:/DATA/images\10b\2fc\10b2fc7e684ae44a289e2fd2a5393da.jpg D:/DATA/images\11d\7ea\11d7eae9866380be5152d6d523da235.jpg 0 0 1165.37 0. 650.862 0. 1166.11 488.595 0. 0. 1. 1165.37 0. 650.862 0. 1166.11 488.595 0. 0. 1. 0.15102 0.52115 -0.84 1.95984 -0.41332 0.80519 0.42525 -1.02578 0.89798 0.28297 0.337 1.24882 0. 0. 0. 1.
D:/DATA/images\14e\219\14e21949707f1933c5cbbbd697b1b72f.jpg D:/DATA/images\102\8ac\1028ac54e51f3812f23d2f33c95efed.jpg 0 0 1165.37 0. 650.862 0. 1166.11 488.595 0. 0. 1. 1165.37 0. 650.862 0. 1166.11 488.595 0. 0. 1. 0.15102 0.52115 -0.84 1.95984 -0.41332 0.80519 0.42525 -1.02578 0.89798 0.28297 0.337 1.24882 0. 0. 0. 1.
D:/DATA/images\101\035\101035bb2779681c7faa5fb374e9cdc6.jpg D:/DATA/images\15e\c6d\15ec6d367e4f73e9e8e7b1cb58fe6321.jpg 0 0 1165.37 0. 650.862 0. 1166.11 488.595 0. 0. 1. 1165.37 0. 650.862 0. 1166.11 488.595 0. 0. 1. 0.15102 0.52115 -0.84 1.95984 -0.41332 0.80519 0.42525 -1.02578 0.89798 0.28297 0.337 1.24882 0. 0. 0. 1.
D:/DATA/images\101\a8c\101a8c58fcfae8d25fe5e8dc6bdc374.jpg D:/DATA/images\15b\911\15b9112de484a270172730c579407168.jpg 0 0 1165.37 0. 650.862 0. 1166.11 488.595 0. 0. 1. 1165.37 0. 650.862 0. 1166.11 488.595 0. 0. 1. 0.15102 0.52115 -0.84 1.95984 -0.41332 0.80519 0.42525 -1.02578 0.89798 0.28297 0.337 1.24882 0. 0. 0. 1.
D:/DATA/images\14f\425\14f425979452f4311da7139f8b80195f.jpg D:/DATA/images\12f\135\12f1359da29e1e1dec8e96bc1e6a64.jpg 0 0 1165.37 0. 650.862 0. 1166.11 488.595 0. 0. 1. 1165.37 0. 650.862 0. 1166.11 488.595 0. 0. 1. 0.15102 0.52115 -0.84 1.95984 -0.41332 0.80519 0.42525 -1.02578 0.89798 0.28297 0.337 1.24882 0. 0. 0. 1.
D:/DATA/images\080\79c\08079c187f1c01620b85de753ee6.jpg D:/DATA/images\17e\f89\17ef894585a10cecb7611223372da2.jpg 0 0 1165.37 0. 650.862 0. 1166.11 488.595 0. 0. 1. 1165.37 0. 650.862 0. 1166.11 488.595 0. 0. 1. 0.15102 0.52115 -0.84 1.95984 -0.41332 0.80519 0.42525 -1.02578 0.89798 0.28297 0.337 1.24882 0. 0. 0. 1.
D:/DATA/images\19e\c1a\19ec1a780deecc617ca1c19e4b3976.jpg D:/DATA/images\106\381\106381a9c96dd931afa40de59d81.jpg 0 0 1165.37 0. 650.862 0. 1166.11 488.595 0. 0. 1. 1165.37 0. 650.862 0. 1166.11 488.595 0. 0. 1. 0.15102 0.52115 -0.84 1.95984 -0.41332 0.80519 0.42525 -1.02578 0.89798 0.28297 0.337 1.24882 0. 0. 0. 1.
D:/DATA/images\15e\8ec\15e8ec4185b02ee7ccb764c811d887ce.jpg D:/DATA/images\0dc\8fe\0dc8fe37d61eeb492b9bf1a4bafbd74.jpg 0 0 1165.37 0. 650.862 0. 1166.11 488.595 0. 0. 1. 1165.37 0. 650.862 0. 1166.11 488.595 0. 0. 1. 0.15102 0.52115 -0.84 1.95984 -0.41332 0.80519 0.42525 -1.02578 0.89798 0.28297 0.337 1.24882 0. 0. 0. 1.
D:/DATA/images\13d\747\13d74723388816927f82752a4c2a2.jpg D:/DATA/images\15b\f8b\15bf8bb6b86f9042a7c870a6aea2f7ef.jpg 0 0 1165.37 0. 650.862 0. 1166.11 488.595 0. 0. 1. 1165.37 0. 650.862 0. 1166.11 488.595 0. 0. 1. 0.15102 0.52115 -0.84 1.95984 -0.41332 0.80519 0.42525 -1.02578 0.89798 0.28297 0.337 1.24882 0. 0. 0. 1.
D:/DATA/images\111\f52\111f52ded8334dad09eeed3f48e4ac.jpg D:/DATA/images\0c4\6a6\0c46a667971ac89b063143a548ab1f.jpg 0 0 1165.37 0. 650.862 0. 1166.11 488.595 0. 0. 1. 1165.37 0. 650.862 0. 1166.11 488.595 0. 0. 1. 0.15102 0.52115 -0.84 1.95984 -0.41332 0.80519 0.42525 -1.02578 0.89798 0.28297 0.337 1.24882 0. 0. 0. 1.
D:/DATA/images\086\9cb\0869cbd2decadde431593cc88e0c0a6.jpg D:/DATA/images\11f\6e7\11f6e72991b4582165f768895d3ee17.jpg 0 0 1165.37 0. 650.862 0. 1166.11 488.595 0. 0. 1. 1165.37 0. 650.862 0. 1166.11 488.595 0. 0. 1. 0.15102 0.52115 -0.84 1.95984 -0.41332 0.80519 0.42525 -1.02578 0.89798 0.28297 0.337 1.24882 0. 0. 0. 1.
D:/DATA/images\13c\dca\13cdcace239338b16569f9506946ff40.jpg D:/DATA/images\0df\33b\0df33b09beb8deeee2a9d6a1949762e.jpg 0 0 1165.37 0. 650.862 0. 1166.11 488.595 0. 0. 1. 1165.37 0. 650.862 0. 1166.11 488.595 0. 0. 1. 0.15102 0.52115 -0.84 1.95984 -0.41332 0.80519 0.42525 -1.02578 0.89798 0.28297 0.337 1.24882 0. 0. 0. 1.
D:/DATA/images\12a\313\12a313b9a9cc4a4773bbb77b42168911.jpg D:/DATA/images\102\59e\10259e6496ccaa275aab4efcc9ee26a2.jpg 0 0 1165.37 0. 650.862 0. 1166.11 488.595 0. 0. 1. 1165.37 0. 650.862 0. 1166.11 488.595 0. 0. 1. 0.15102 0.52115 -0.84 1.95984 -0.41332 0.80519 0.42525 -1.02578 0.89798 0.28297 0.337 1.24882 0. 0. 0. 1.
D:/DATA/images\15e\ce1\15ece17ed16c229a83466e85f794aaf0.jpg D:/DATA/images\13b\1da\13b1dac0be7c627d6f764177cacecb7.jpg 0 0 1165.37 0. 650.862 0. 1166.11 488.595 0. 0. 1. 1165.37 0. 650.862 0. 1166.11 488.595 0. 0. 1. 0.15102 0.52115 -0.84 1.95984 -0.41332 0.80519 0.42525 -1.02578 0.89798 0.28297 0.337 1.24882 0. 0. 0. 1.
D:/DATA/images\17e\0b9\17e0b9e581c81fb069f595dd5b9dcad6.jpg D:/DATA/images\15c\75d\15c75dd32dff352e81fd24d6aab6669c.jpg 0 0 1165.37 0. 650.862 0. 1166.11 488.595 0. 0. 1. 1165.37 0. 650.862 0. 1166.11 488.595 0. 0. 1. 0.15102 0.52115 -0.84 1.95984 -0.41332 0.80519 0.42525 -1.02578 0.89798 0.28297 0.337 1.24882 0. 0. 0. 1.
D:/DATA/images\10c\584\10c5849cbe451fa38c2cdba8f9359e80.jpg D:/DATA/images\15d\499\15d4993bfb685377b6241b9d992dfeb6.jpg 0 0 1165.37 0. 650.862 0. 1166.11 488.595 0. 0. 1. 1165.37 0. 650.862 0. 1166.11 488.595 0. 0. 1. 0.15102 0.52115 -0.84 1.95984 -0.41332 0.80519 0.42525 -1.02578 0.89798 0.28297 0.337 1.24882 0. 0. 0. 1.
D:/DATA/images\15a\fef\15afef8ff83d3cc0298ec4ea1d81269a.jpg D:/DATA/images\11c\9b1\11c9b14f0c03aecae1fb5f87ec3d15.jpg 0 0 1165.37 0. 650.862 0. 1166.11 488.595 0. 0. 1. 1165.37 0. 650.862 0. 1166.11 488.595 0. 0. 1. 0.15102 0.52115 -0.84 1.95984 -0.41332 0.80519 0.42525 -1.02578 0.89798 0.28297 0.337 1.24882 0. 0. 0. 1.
D:/DATA/images\12f\71c\12f71c57d38828f4d8943e3b59b342.jpg D:/DATA/images\0c9\49d\0c949d50348fc4cce0b045f4209eb7.jpg 0 0 1165.37 0. 650.862 0. 1166.11 488.595 0. 0. 1. 1165.37 0. 650.862 0. 1166.11 488.595 0. 0. 1. 0.15102 0.52115 -0.84 1.95984 -0.41332 0.80519 0.42525 -1.02578 0.89798 0.28297 0.337 1.24882 0. 0. 0. 1.
D:/DATA/images\10d\b79\10db79cb843b3c4e98e6b74656c5e8f.jpg D:/DATA/images\19e\70c\19e70c5ac5aa2311c146d1f146e7de.jpg 0 0 1165.37 0. 650.862 0. 1166.11 488.595 0. 0. 1. 1165.37 0. 650.862 0. 1166.11 488.595 0. 0. 1. 0.15102 0.52115 -0.84 1.95984 -0.41332 0.80519 0.42525 -1.02578 0.89798 0.28297 0.337 1.24882 0. 0. 0. 1.
D:/DATA/images\12c\095\12c09530f1f799952b7c37f2d8278df3.jpg D:/DATA/images\10c\76c\10c76c55879c1bf51a8b57fdc8a695.jpg 0 0 1165.37 0. 650.862 0. 1166.11 488.595 0. 0. 1. 1165.37 0. 650.862 0. 1166.11 488.595 0. 0. 1. 0.15102 0.52115 -0.84 1.95984 -0.41332 0.80519 0.42525 -1.02578 0.89798 0.28297 0.337 1.24882 0. 0. 0. 1.
D:/DATA/images\17f\685\17f68545154e93a5577c4cdd24218e.jpg D:/DATA/images\15e\b3f\15eb3f995cda392099b8c034a7733e.jpg 0 0 1165.37 0. 650.862 0. 1166.11 488.595 0. 0. 1. 1165.37 0. 650.862 0. 1166.11 488.595 0. 0. 1. 0.15102 0.52115 -0.84 1.95984 -0.41332 0.80519 0.42525 -1.02578 0.89798 0.28297 0.337 1.24882 0. 0. 0. 1.
D:/DATA/images\12f\e4c\12fe4ca454f65e72fced561e6f338d.jpg D:/DATA/images\11e\299\11e299ee1e25656585d1d050b1a991a2.jpg 0 0 1165.37 0. 650.862 0. 1166.11 488.595 0. 0. 1. 1165.37 0. 650.862 0. 1166.11 488.595 0. 0. 1. 0.15102 0.52115 -0.84 1.95984 -0.41332 0.80519 0.42525 -1.02578 0.89798 0.28297 0.337 1.24882 0. 0. 0. 1.
D:/DATA/images\14c\3b6\14c3b6fcc6d9ab7ec4d1d679cfcf0.jpg D:/DATA/images\0a1\190\0a1190b054ae4abdb22cf8ab268e.jpg 0 0 1165.37 0. 650.862 0. 1166.11 488.595 0. 0. 1. 1165.37 0. 650.862 0. 1166.11 488.595 0. 0. 1. 0.15102 0.52115 -0.84 1.95984 -0.41332 0.80519 0.42525 -1.02578 0.89798 0.28297 0.337 1.24882 0. 0. 0. 1.
D:/DATA/images\11f\9b0\11f9b0c16c54a3b9d2695ce66d7e8ae6.jpg D:/DATA/images\062\fb5\062fb5fd1594f727cdbff0a09f291a.jpg 0 0 1165.37 0. 650.862 0. 1166.11 488.595 0. 0. 1. 1165.37 0. 650.862 0. 1166.11 488.595 0. 0. 1. 0.15102 0.52115 -0.84 1.95984 -0.41332 0.80519 0.42525 -1.02578 0.89798 0.28297 0.337 1.24882 0. 0. 0. 1.
D:/DATA/images\14a\dfb\14adfb2942b57db2e5e2ecbfa679e.jpg D:/DATA/images\16c\0bd\16c0bd55626332fd87b5d1b12759f8.jpg 0 0 1165.37 0. 650.862 0. 1166.11 488.595 0. 0. 1. 1165.37 0. 650.862 0. 1166.11 488.595 0. 0. 1. 0.15102 0.52115 -0.84 1.95984 -0.41332 0.80519 0.42525 -1.02578 0.89798 0.28297 0.337 1.24882 0. 0. 0. 1.
D:/DATA/images\12f\8ec\12f8ec5c974dc91f7c072fcd6f1a9de.jpg D:/DATA/images\0bb\aa8\0bbaa80a27d3a171a9314f947ddab4c.jpg 0 0 1165.37 0. 650.862 0. 1166.11 488.595 0. 0. 1. 1165.37 0. 650.862 0. 1166.11 488.595 0. 0. 1. 0.15102 0.52115 -0.84 1.95984 -0.41332 0.80519 0.42525 -1.02578 0.89798 0.28297 0.337 1.24882 0. 0. 0. 1.
D:/DATA/images\11c\d56\11cd56d292b4215e16bd4158112bda13.jpg D:/DATA/images\14a\c25\14ac25751a6d39d87c3d162d33aca86.jpg 0 0 1165.37 0. 650.862 0. 1166.11 488.595 0. 0. 1. 1165.37 0. 650.862 0. 1166.11 488.595 0. 0. 1. 0.15102 0.52115 -0.84 1.95984 -0.41332 0.80519 0.42525 -1.02578 0.89798 0.28297 0.337 1.24882 0. 0. 0. 1.
D:/DATA/images\11d\15c\11d15c7f7b32ac8e44dbd33189fc4df6.jpg D:/DATA/images\18f\16f\18f16f612dbbbff3c5f6d9f6218c999.jpg 0 0 1165.37 0. 650.862 0. 1166.11 488.595 0. 0. 1. 1165.37 0. 650.862 0. 1166.11 488.595 0. 0. 1. 0.15102 0.52115 -0.84 1.95984 -0.41332 0.80519 0.42525 -1.02578 0.89798 0.28297 0.337 1.24882 0. 0. 0. 1.
D:/DATA/images\16b\32f\16b32f2a2c7b31986d56d5516ba6158.jpg D:/DATA/images\17e\e1c\17ee1cc59afe6742947db272bd01eaf.jpg 0 0 1165.37 0. 650.862 0. 1166.11 488.595 0. 0. 1. 1165.37 0. 650.862 0. 1166.11 488.595 0. 0. 1. 0.15102 0.52115 -0.84 1.95984 -0.41332 0.80519 0.42525 -1.02578 0.89798 0.28297 0.337 1.24882 0. 0. 0. 1.
D:/DATA/images\109\24f\10924f98f699b75c2f81ca8c62d11279.jpg D:/DATA/images\12f\218\12f2185985418354428ee6f4fff41bf.jpg 0 0 1165.37 0. 650.862 0. 1166.11 488.595 0. 0. 1. 1165.37 0. 650.862 0. 1166.11 488.595 0. 0. 1. 0.15102 0.52115 -0.84 1.95984 -0.41332 0.80519 0.42525 -1.02578 0.89798 0.28297 0.337 1.24882 0. 0. 0. 1.
D:/DATA/images\108\9d9\1089d94ff2ba2bfea7346f6f835913e5.jpg D:/DATA/images\12c\529\12c529ff2cf68fd76368b7161e917e.jpg 0 0 1165.37 0. 650.862 0. 1166.11 488.595 0. 0. 1. 1165.37 0. 650.862 0. 1166.11 488.595 0. 0. 1. 0.15102 0.52115 -0.84 1.95984 -0.41332 0.80519 0.42525 -1.02578 0.89798 0.28297 0.337 1.24882 0. 0. 0. 1.
D:/DATA/images\19f\2c4\19f2c4c2248fe8f8fcb2a64966922f68.jpg D:/DATA/images\12e\ca5\12eca5541318a67ac7761ee2ea2d8b.jpg 0 0 1165.37 0. 650.862 0. 1166.11 488.595 0. 0. 1. 1165.37 0. 650.862 0. 1166.11 488.595 0. 0. 1. 0.15102 0.52115 -0.84 1.95984 -0.41332 0.80519 0.42525 -1.02578 0.89798 0.28297 0.337 1.24882 0. 0. 0. 1.
D:/DATA/images\17a\3ba\17a3ba558ed9530748e0307e1c5f2b.jpg D:/DATA/images\16b\c69\16bc69104bb9788ed97ee6f44eb46c87.jpg 0 0 1165.37 0. 650.862 0. 1166.11 488.595 0. 0. 1. 1165.37 0. 650.862 0. 1166.11 488.595 0. 0. 1. 0.15102 0.52115 -0.84 1.95984 -0.41332 0.80519 0.42525 -1.02578 0.89798 0.28297 0.337 1.24882 0. 0. 0. 1.
D:/DATA/images\15c\07d\15c07db4a0fc8af846c214c0455c75ba.jpg D:/DATA/images\11e\1dc\11e1dc5d6aaa7047d1c2702f2678f2e.jpg 0 0 1165.37 0. 650.862 0. 1166.11 488.595 0. 0. 1. 1165.37 0. 650.862 0. 1166.11 488.595 0. 0. 1. 0.15102 0.52115 -0.84 1.95984 -0.41332 0.80519 0.42525 -1.02578 0.89798 0.28297 0.337 1.24882 0. 0. 0. 1.
D:/DATA/images\108\691\108691a8663bd43242e1b8fa458c221.jpg D:/DATA/images\19a\ac0\19aac0bbc35a1de2645c70d90ea6e21.jpg 0 0 1165.37 0. 650.862 0. 1166.11 488.595 0. 0. 1. 1165.37 0. 650.862 0. 1166.11 488.595 0. 0. 1. 0.15102 0.52115 -0.84 1.95984 -0.41332 0.80519 0.42525 -1.02578 0.89798 0.28297 0.337 1.24882 0. 0. 0. 1.
D:/DATA/images\18e\354\18e3549acb1743ea793ad175eb47.jpg D:/DATA/images\0fc\56a\0fc56a5816b6c12371777506675ba.jpg 0 0 1165.37 0. 650.862 0. 1166.11 488.595 0. 0. 1. 1165.37 0. 650.862 0. 1166.11 488.595 0. 0. 1. 0.15102 0.52115 -0.84 1.95984 -0.41332 0.80519 0.42525 -1.02578 0.89798 0.28297 0.337 1.24882 0. 0. 0. 1.
D:/DATA/images\089\ffc\089ffcb6d43eb70d12d26b047d7e126.jpg D:/DATA/images\103\be6\103be62c812360713915f677a1e75bde.jpg 0 0 1165.37 0. 650.862 0. 1166.11 488.595 0. 0. 1. 1165.37 0. 650.862 0. 1166.11 488.595 0. 0. 1. 0.15102 0.52115 -0.84 1.95984 -0.41332 0.80519 0.42525 -1.02578 0.89798 0.28297 0.337 1.24882 0. 0. 0. 1.
D:/DATA/images\10a\c31\10ac314edbb996df411550eb8fa28.jpg D:/DATA/images\10b\e96\10be96291fe67786b2e6dc8bdcbe30c.jpg 0 0 1165.37 0. 650.862 0. 1166.11 488.595 0. 0. 1. 1165.37 0. 650.862 0. 1166.11 488.595 0. 0. 1. 0.15102 0.52115 -0.84 1.95984 -0.41332 0.80519 0.42525 -1.02578 0.89798 0.28297 0.337 1.24882 0. 0. 0. 1.
D:/DATA/images\16f\459\16f4597fd28717b5bf3ad7ff66e9bb6.jpg D:/DATA/images\0b4\d19\0b4d1925e9ee013c0efb36326eceab.jpg 0 0 1165.37 0. 650.862 0. 1166.11 488.595 0. 0. 1. 1165.37 0. 650.862 0. 1166.11 488.595 0. 0. 1. 0.15102 0.52115 -0.84 1.95984 -0.41332 0.80519 0.42525 -1.02578 0.89798 0.28297 0.337 1.24882 0. 0. 0. 1.
D:/DATA/images\15f\87d\15f87d51a1af42b5d93cb4122206db5.jpg D:/DATA/images\15f\0af\15f0af9e3a7647502acda7c7e5e0d9.jpg 0 0 1165.37 0. 650.862 0. 1166.11 488.595 0. 0. 1. 1165.37 0. 650.862 0. 1166.11 488.595 0. 0. 1. 0.15102 0.52115 -0.84 1.95984 -0.41332 0.80519 0.42525 -1.02578 0.89798 0.28297 0.337 1.24882 0. 0. 0. 1.
D:/DATA/images\18a\4b7\18a4b7c944a69e558cdaab2b9a5852a.jpg D:/DATA/images\19d\aac\19daacd2e45c1b70f958a1d27782f7.jpg 0 0 1165.37 0. 650.862 0. 1166.11 488.595 0. 0. 1. 1165.37 0. 650.862 0. 1166.11 488.595 0. 0. 1. 0.15102 0.52115 -0.84 1.95984 -0.41332 0.80519 0.42525 -1.02578 0.89798 0.28297 0.337 1.24882 0. 0. 0. 1.
D:/DATA/images\12d\0d8\12d0d85b69af25b45a9d94cdf6ed596d.jpg D:/DATA/images\02d\122\02d122deffecc646919cce249d56fff.jpg 0 0 1165.37 0. 650.862 0. 1166.11 488.595 0. 0. 1. 1165.37 0. 650.862 0. 1166.11 488.595 0. 0. 1. 0.15102 0.52115 -0.84 1.95984 -0.41332 0.80519 0.42525 -1.02578 0.89798 0.28297 0.337 1.24882 0. 0. 0. 1.
D:/DATA/images\104\8cf\1048cf081df687ecfbd4940da48645a.jpg D:/DATA/images\19e\ddd\19edddc23210292423896fcdb08068a0.jpg 0 0 1165.37 0. 650.862 0. 1166.11 488.595 0. 0. 1. 1165.37 0. 650.862 0. 1166.11 488.595 0. 0. 1. 0.15102 0.52115 -0.84 1.95984 -0.41332 0.80519 0.42525 -1.02578 0.89798 0.28297 0.337 1.24882 0. 0. 0. 1.
D:/DATA/images\12f\6b7\12f6b7a4a065577fb1fdcb54b332f376.jpg D:/DATA/images\14e\aca\14eaca94bd49fc9e2bff7cfc7cd187.jpg 0 0 1165.37 0. 650.862 0. 1166.11 488.595 0. 0. 1. 1165.37 0. 650.862 0. 1166.11 488.595 0. 0. 1. 0.15102 0.52115 -0.84 1.95984 -0.41332 0.80519 0.42525 -1.02578 0.89798 0.28297 0.337 1.24882 0. 0. 0. 1.
D:/DATA/images\104\0e9\1040e9c0ad75e25a28b08463134ff5c.jpg D:/DATA/images\13d\812\13d812a2375d63d2cad077547275ae2.jpg 0 0 1165.37 0. 650.862 0. 1166.11 488.595 0. 0. 1. 1165.37 0. 650.862 0. 1166.11 488.595 0. 0. 1. 0.15102 0.52115 -0.84 1.95984 -0.41332 0.80519 0.42525 -1.02578 0.89798 0.28297 0.337 1.24882 0. 0. 0. 1.
D:/DATA/images\17b\331\17b3317fbe4449b094e2c4cd891043fd.jpg D:/DATA/images\10b\9cf\10b9cf8dac343be4ca196e232daab1.jpg 0 0 1165.37 0. 650.862 0. 1166.11 488.595 0. 0. 1. 1165.37 0. 650.862 0. 1166.11 488.595 0. 0. 1. 0.15102 0.52115 -0.84 1.95984 -0.41332 0.80519 0.42525 -1.02578 0.89798 0.28297 0.337 1.24882 0. 0. 0. 1.
D:/DATA/images\17e\186\17e1864cc1c149434fd8da6bcc83a62b.jpg D:/DATA/images\017\8ff\0178ffa3def701ee1b492454c851a4.jpg 0 0 1165.37 0. 650.862 0. 1166.11 488.595 0. 0. 1. 1165.37 0. 650.862 0. 1166.11 488.595 0. 0. 1. 0.15102 0.52115 -0.84 1.95984 -0.41332 0.80519 0.42525 -1.02578 0.89798 0.28297 0.337 1.24882 0. 0. 0. 1.
D:/DATA/images\12e\e42\12ee42c91f6240e185766c7ee97d2811.jpg D:/DATA/images\18f\4bc\18f4bce40431c7c2bd5ab6cb7016af.jpg 0 0 1165.37 0. 650.862 0. 1166.11 488.595 0. 0. 1. 1165.37 0. 650.862 0. 1166.11 488.595 0. 0. 1. 0.15102 0.52115 -0.84 1.95984 -0.41332 0.80519 0.42525 -1.02578 0.89798 0.28297 0.337 1.24882 0. 0. 0. 1.
D:/DATA/images\10e\ed6\10eed61c614ae76995f3c27e38b5ef9.jpg D:/DATA/images\19a\648\19a648c77ae5aee35ab836ef7cb8b2.jpg 0 0 1165.37 0. 650.862 0. 1166.11 488.595 0. 0. 1. 1165.37 0. 650.862 0. 1166.11 488.595 0. 0. 1. 0.15102 0.52115 -0.84 1.95984 -0.41332 0.80519 0.42525 -1.02578 0.89798 0.28297 0.337 1.24882 0. 0. 0. 1.
D:/DATA/images\103\395\103395cba76eafa53ca95bf13b9d429.jpg D:/DATA/images\13e\443\13e44357e56f1cd29b804aa9c76cd56f.jpg 0 0 1165.37 0. 650.862 0. 1166.11 488.595 0. 0. 1. 1165.37 0. 650.862 0. 1166.11 488.595 0. 0. 1. 0.15102 0.52115 -0.84 1.95984 -0.41332 0.80519 0.42525 -1.02578 0.89798 0.28297 0.337 1.24882 0. 0. 0. 1.
D:/DATA/images\19a\63d\19a63d11698525915f835a9826f60ea.jpg D:/DATA/images\11a\f96\11af96484295d5c64e26f88c11dc31c8.jpg 0 0 1165.37 0. 650.862 0. 1166.11 488.595 0. 0. 1. 1165.37 0. 650.862 0. 1166.11 488.595 0. 0. 1. 0.15102 0.52115 -0.84 1.95984 -0.41332 0.80519 0.42525 -1.02578 0.89798 0.28297 0.337 1.24882 0. 0. 0. 1.
D:/DATA/images\10a\c2f\10ac2fcae3a8249254238243a48bc.jpg D:/DATA/images\15d\da6\15dda6a5a994cbadd32d6c1402c5e6.jpg 0 0 1165.37 0. 650.862 0. 1166.11 488.595 0. 0. 1. 1165.37 0. 650.862 0. 1166.11 488.595 0. 0. 1. 0.15102 0.52115 -0.84 1.95984 -0.41332 0.80519 0.42525 -1.02578 0.89798 0.28297 0.337 1.24882 0. 0. 0. 1.
D:/DATA/images\10c\2ac\10c2accd1679731742ca3af6f2c45ab.jpg D:/DATA/images\19f\3c3\19f3c36ce756fa5d1944f95bcb99c1bc.jpg 0 0 1165.37 0. 650.862 0. 1166.11 488.595 0. 0. 1. 1165.37 0. 650.862 0. 1166.11 488.595 0. 0. 1. 0.15102 0.52115 -0.84 1.95984 -0.41332 0.80519 0.42525 -1.02578 0.89798 0.28297 0.337 1.24882 0. 0. 0. 1.
D:/DATA/images\19d\dbe\19ddbeb8c7c9a265da4ae216bcdafe.jpg D:/DATA/images\010\989\0109894359d7acac0e4d69ada3edee.jpg 0 0 1165.37 0. 650.862 0. 1166.11 488.595 0. 0. 1. 1165.37 0. 650.862 0. 1166.11 488.595 0. 0. 1. 0.15102 0.52115 -0.84 1.95984 -0.41332 0.80519 0.42525 -1.02578 0.89798 0.28297 0.337 1.24882 0. 0. 0. 1.
D:/DATA/images\14c\374\14c3745b38e3a56597da6ffbb4371547.jpg D:/DATA/images\18d\751\18d75116aae5e42268d5f915dd78bcb.jpg 0 0 1165.37 0. 650.862 0. 1166.11 488.595 0. 0. 1. 1165.37 0. 650.862 0. 1166.11 488.595 0. 0. 1. 0.15102 0.52115 -0.84 1.95984 -0.41332 0.80519 0.42525 -1.02578 0.89798 0.28297 0.337 1.24882 0. 0. 0. 1.
D:/DATA/images\041\f51\041f512752eb2ecea2bbd341e7475a0.jpg D:/DATA/images\104\1ca\1041ca6eba25d8f374ec66634c6a1c7.jpg 0 0 1165.37 0. 650.862 0. 1166.11 488.595 0. 0. 1. 1165.37 0. 650.862 0. 1166.11 488.595 0. 0. 1. 0.15102 0.52115 -0.84 1.95984 -0.41332 0.80519 0.42525 -1.02578 0.89798 0.28297 0.337 1.24882 0. 0. 0. 1.
D:/DATA/images\15c\2df\15c2df6f39d9925bbd1b397b499919b.jpg D:/DATA/images\13f\a92\13fa92118ee4dcb330a458ae77ab45dc.jpg 0 0 1165.37 0. 650.862 0. 1166.11 488.595 0. 0. 1. 1165.37 0. 650.862 0. 1166.11 488.595 0. 0. 1. 0.15102 0.52115 -0.84 1.95984 -0.41332 0.80519 0.42525 -1.02578 0.89798 0.28297 0.337 1.24882 0. 0. 0. 1.
D:/DATA/images\12b\375\12b3759adcda7055d9f1b1b7b5caf28b.jpg D:/DATA/images\0a6\445\0a6445258be615cf58e4e18c2dc431.jpg 0 0 1165.37 0. 650.862 0. 1166.11 488.595 0. 0. 1. 1165.37 0. 650.862 0. 1166.11 488.595 0. 0. 1. 0.15102 0.52115 -0.84 1.95984 -0.41332 0.80519 0.42525 -1.02578 0.89798 0.28297 0.337 1.24882 0. 0. 0. 1.
D:/DATA/images\12b\6ef\12b6efb3139da56c726fcd0d2f28b.jpg D:/DATA/images\0dc\76c\0dc76c1682322654425c89069e8ff.jpg 0 0 1165.37 0. 650.862 0. 1166.11 488.595 0. 0. 1. 1165.37 0. 650.862 0. 1166.11 488.595 0. 0. 1. 0.15102 0.52115 -0.84 1.95984 -0.41332 0.80519 0.42525 -1.02578 0.89798 0.28297 0.337 1.24882 0. 0. 0. 1.
D:/DATA/images\0ee\793\0ee79393d2cfeb9646f1a43fe1a5ac0.jpg D:/DATA/images\18d\0dd\18d0dd2d299d28c6635b40a3c3b57a.jpg 0 0 1165.37 0. 650.862 0. 1166.11 488.595 0. 0. 1. 1165.37 0. 650.862 0. 1166.11 488.595 0. 0. 1. 0.15102 0.52115 -0.84 1.95984 -0.41332 0.80519 0.42525 -1.02578 0.89798 0.28297 0.337 1.24882 0. 0. 0. 1.
D:/DATA/images\0c3\823\0c3823ebb33cee7cb75eb09d54f7c1.jpg D:/DATA/images\19e\39a\19e39a7b83dc920c5107c6337b9dc17.jpg 0 0 1165.37 0. 650.862 0. 1166.11 488.595 0. 0. 1. 1165.37 0. 650.862 0. 1166.11 488.595 0. 0. 1. 0.15102 0.52115 -0.84 1.95984 -0.41332 0.80519 0.42525 -1.02578 0.89798 0.28297 0.337 1.24882 0. 0. 0. 1.
D:/DATA/images\106\5e2\1065e299f5bcf4f198f21121c923dbd5.jpg D:/DATA/images\106\cb6\106cb667617ca223de3ac7b0b9f1b673.jpg 0 0 1165.37 0. 650.862 0. 1166.11 488.595 0. 0. 1. 1165.37 0. 650.862 0. 1166.11 488.595 0. 0. 1. 0.15102 0.52115 -0.84 1.95984 -0.41332 0.80519 0.42525 -1.02578 0.89798 0.28297 0.337 1.24882 0. 0. 0. 1.
D:/DATA/images\18b\68f\18b68f461c16a9a5ec1e693a97947aa.jpg D:/DATA/images\10c\bd7\10cbd71545e947281e4d18d9b022e7.jpg 0 0 1165.37 0. 650.862 0. 1166.11 488.595 0. 0. 1. 1165.37 0. 650.862 0. 1166.11 488.595 0. 0. 1. 0.15102 0.52115 -0.84 1.95984 -0.41332 0.80519 0.42525 -1.02578 0.89798 0.28297 0.337 1.24882 0. 0. 0. 1.
D:/DATA/images\12f\280\12f28027ba0ef239cc508225d8a3.jpg D:/DATA/images\19d\729\19d729b76d7c8fcf86dade9a2163c123.jpg 0 0 1165.37 0. 650.862 0. 1166.11 488.595 0. 0. 1. 1165.37 0. 650.862 0. 1166.11 488.595 0. 0. 1. 0.15102 0.52115 -0.84 1.95984 -0.41332 0.80519 0.42525 -1.02578 0.89798 0.28297 0.337 1.24882 0. 0. 0. 1.
D:/DATA/images\16f\6b3\16f6b3717e8a8f15651587b7dee135.jpg D:/DATA/images\11c\f4f\11cf4f3d4987de14694e0abb58c026.jpg 0 0 1165.37 0. 650.862 0. 1166.11 488.595 0. 0. 1. 1165.37 0. 650.862 0. 1166.11 488.595 0. 0. 1. 0.15102 0.52115 -0.84 1.95984 -0.41332 0.80519 0.42525 -1.02578 0.89798 0.28297 0.337 1.24882 0. 0. 0. 1.
D:/DATA/images\19f\393\19f3932f85a4de7dab63d1eaeb2f71.jpg D:/DATA/images\11b\538\11b538e511932c31cda651c983b05a3c.jpg 0 0 1165.37 0. 650.862 0. 1166.11 488.595 0. 0. 1. 1165.37 0. 650.862 0. 1166.11 488.595 0. 0. 1. 0.15102 0.52115 -0.84 1.95984 -0.41332 0.80519 0.42525 -1.02578 0.89798 0.28297 0.337 1.24882 0. 0. 0. 1.
D:/DATA/images\14a\4de\14a4decc24efea6396cdc4737a53.jpg D:/DATA/images\16b\b6c\16bb6ce6a4e9ead9d187134e665015a.jpg 0 0 1165.37 0. 650.862 0. 1166.11 488.595 0. 0. 1. 1165.37 0. 650.862 0. 1166.11 488.595 0. 0. 1. 0.15102 0.52115 -0.84 1.95984 -0.41332 0.80519 0.42525 -1.02578 0.89798 0.28297 0.337 1.24882 0. 0. 0. 1.
D:/DATA/images\15d\c7c\15dc7cc7167b28e6550d4551b64166.jpg D:/DATA/images\17b\b50\17bb508fb81e44d85377b21c9633463.jpg 0 0 1165.37 0. 650.862 0. 1166.11 488.595 0. 0. 1. 1165.37 0. 650.862 0. 1166.11 488.595 0. 0. 1. 0.15102 0.52115 -0.84 1.95984 -0.41332 0.80519 0.42525 -1.02578 0.89798 0.28297 0.337 1.24882 0. 0. 0. 1.
D:/DATA/images\19b\e81\19be81c8cea61f94ca3489d9439ddf.jpg D:/DATA/images\17d\bfc\17dbfcd129a0e396655785ae7217631.jpg 0 0 1165.37 0. 650.862 0. 1166.11 488.595 0. 0. 1. 1165.37 0. 650.862 0. 1166.11 488.595 0. 0. 1. 0.15102 0.52115 -0.84 1.95984 -0.41332 0.80519 0.42525 -1.02578 0.89798 0.28297 0.337 1.24882 0. 0. 0. 1.
D:/DATA/images\105\989\1059892384f20d5faef89b6f5b43bca.jpg D:/DATA/images\12c\840\12c840bbdbcd9980616edeeef68a45b.jpg 0 0 1165.37 0. 650.862 0. 1166.11 488.595 0. 0. 1. 1165.37 0. 650.862 0. 1166.11 488.595 0. 0. 1. 0.15102 0.52115 -0.84 1.95984 -0.41332 0.80519 0.42525 -1.02578 0.89798 0.28297 0.337 1.24882 0. 0. 0. 1.
D:/DATA/images\11e\f11\11ef112e905ff9acbfb9b358e1a06396.jpg D:/DATA/images\0b6\22b\0b622b9cb81c15451bc5266f67b4f1b.jpg 0 0 1165.37 0. 650.862 0. 1166.11 488.595 0. 0. 1. 1165.37 0. 650.862 0. 1166.11 488.595 0. 0. 1. 0.15102 0.52115 -0.84 1.95984 -0.41332 0.80519 0.42525 -1.02578 0.89798 0.28297 0.337 1.24882 0. 0. 0. 1.
D:/DATA/images\14e\5b6\14e5b67d54b27777fc0e7f8139461ba.jpg D:/DATA/images\046\1be\0461beeda4c5ca334a677c9e19836a1.jpg 0 0 1165.37 0. 650.862 0. 1166.11 488.595 0. 0. 1. 1165.37 0. 650.862 0. 1166.11 488.595 0. 0. 1. 0.15102 0.52115 -0.84 1.95984 -0.41332 0.80519 0.42525 -1.02578 0.89798 0.28297 0.337 1.24882 0. 0. 0. 1.
D:/DATA/images\11f\c4a\11fc4afa18d065b230df2cdd95813b7.jpg D:/DATA/images\11e\41b\11e41b3f145e3aab384eafd94743ba.jpg 0 0 1165.37 0. 650.862 0. 1166.11 488.595 0. 0. 1. 1165.37 0. 650.862 0. 1166.11 488.595 0. 0. 1. 0.15102 0.52115 -0.84 1.95984 -0.41332 0.80519 0.42525 -1.02578 0.89798 0.28297 0.337 1.24882 0. 0. 0. 1.
D:/DATA/images\021\d3a\021d3a94234aed3f831efa63b4e3469.jpg D:/DATA/images\0c8\391\0c8391e5aa4a7443cec3cffa32ec4.jpg 0 0 1165.37 0. 650.862 0. 1166.11 488.595 0. 0. 1. 1165.37 0. 650.862 0. 1166.11 488.595 0. 0. 1. 0.15102 0.52115 -0.84 1.95984 -0.41332 0.80519 0.42525 -1.02578 0.89798 0.28297 0.337 1.24882 0. 0. 0. 1.
D:/DATA/images\0a8\ac4\0a8ac43b9eaa4d98f90cacf99453eb.jpg D:/DATA/images\11f\96e\11f96e92f18798c588c3e49abeff3e5.jpg 0 0 1165.37 0. 650.862 0. 1166.11 488.595 0. 0. 1. 1165.37 0. 650.862 0. 1166.11 488.595 0. 0. 1. 0.15102 0.52115 -0.84 1.95984 -0.41332 0.80519 0.42525 -1.02578 0.89798 0.28297 0.337 1.24882 0. 0. 0. 1.
D:/DATA/images\0be\c28\0bec28bb074fd376d1f946a3c4050d0.jpg D:/DATA/images\061\384\061384e53c8bfd9c866ca27cf7ce5c.jpg 0 0 1165.37 0. 650.862 0. 1166.11 488.595 0. 0. 1. 1165.37 0. 650.862 0. 1166.11 488.595 0. 0. 1. 0.15102 0.52115 -0.84 1.95984 -0.41332 0.80519 0.42525 -1.02578 0.89798 0.28297 0.337 1.24882 0. 0. 0. 1.
D:/DATA/images\14d\2f9\14d2f9f75b7ad37e9fb92163d8b5d595.jpg D:/DATA/images\0c7\d42\0c7d429a3c45c84b26ecff3d38448.jpg 0 0 1165.37 0. 650.862 0. 1166.11 488.595 0. 0. 1. 1165.37 0. 650.862 0. 1166.11 488.595 0. 0. 1. 0.15102 0.52115 -0.84 1.95984 -0.41332 0.80519 0.42525 -1.02578 0.89798 0.28297 0.337 1.24882 0. 0. 0. 1.
D:/DATA/images\19b\636\19b636975c594131e3dc356b85a0c829.jpg D:/DATA/images\12a\fd4\12afd48b7c28a5f1f3ac679488bb697c.jpg 0 0 1165.37 0. 650.862 0. 1166.11 488.595 0. 0. 1. 1165.37 0. 650.862 0. 1166.11 488.595 0. 0. 1. 0.15102 0.52115 -0.84 1.95984 -0.41332 0.80519 0.42525 -1.02578 0.89798 0.28297 0.337 1.24882 0. 0. 0. 1.
D:/DATA/images\13b\318\13b31894139bc4c75d87f8725a4e43.jpg D:/DATA/images\18c\f69\18cf69341cea89db88dffe36d6498.jpg 0 0 1165.37 0. 650.862 0. 1166.11 488.595 0. 0. 1. 1165.37 0. 650.862 0. 1166.11 488.595 0. 0. 1. 0.15102 0.52115 -0.84 1.95984 -0.41332 0.80519 0.42525 -1.02578 0.89798 0.28297 0.337 1.24882 0. 0. 0. 1.
D:/DATA/images\11d\55a\11d55adf9c8cafcafaf03d6b8fd31261.jpg D:/DATA/images\19f\36b\19f36bdb6e1246625b48e2a53f4e613.jpg 0 0 1165.37 0. 650.862 0. 1166.11 488.595 0. 0. 1. 1165.37 0. 650.862 0. 1166.11 488.595 0. 0. 1. 0.15102 0.52115 -0.84 1.95984 -0.41332 0.80519 0.42525 -1.02578 0.89798 0.28297 0.337 1.24882 0. 0. 0. 1.
D:/DATA/images\107\6d7\1076d74de6e088d36ae0eee89ae733b2.jpg D:/DATA/images\18b\01a\18b01a722a80c24d395d9f13f8ec374a.jpg 0 0 1165.37 0. 650.862 0. 1166.11 488.595 0. 0. 1. 1165.37 0. 650.862 0. 1166.11 488.595 0. 0. 1. 0.15102 0.52115 -0.84 1.95984 -0.41332 0.80519 0.42525 -1.02578 0.89798 0.28297 0.337 1.24882 0. 0. 0. 1.
D:/DATA/images\12b\c24\12bc24323155c503c441a102a2e5043.jpg D:/DATA/images\18b\0ec\18b0ec81294c38652de3129f866f41b4.jpg 0 0 1165.37 0. 650.862 0. 1166.11 488.595 0. 0. 1. 1165.37 0. 650.862 0. 1166.11 488.595 0. 0. 1. 0.15102 0.52115 -0.84 1.95984 -0.41332 0.80519 0.42525 -1.02578 0.89798 0.28297 0.337 1.24882 0. 0. 0. 1.
D:/DATA/images\16c\f2d\16cf2d87f4b0256128c81946c32a86b.jpg D:/DATA/images\111\ac0\111ac0ca28a4852a356ad57b61cfda6.jpg 0 0 1165.37 0. 650.862 0. 1166.11 488.595 0. 0. 1. 1165.37 0. 650.862 0. 1166.11 488.595 0. 0. 1. 0.15102 0.52115 -0.84 1.95984 -0.41332 0.80519 0.42525 -1.02578 0.89798 0.28297 0.337 1.24882 0. 0. 0. 1.
D:/DATA/images\101\45a\10145afe4a7bb68ba806b69c2c0fb28.jpg D:/DATA/images\101\b20\101b203bc5e08b2454d72078dc703429.jpg 0 0 1165.37 0. 650.862 0. 1166.11 488.595 0. 0. 1. 1165.37 0. 650.862 0. 1166.11 488.595 0. 0. 1. 0.15102 0.52115 -0.84 1.95984 -0.41332 0.80519 0.42525 -1.02578 0.89798 0.28297 0.337 1.24882 0. 0. 0. 1.
D:/DATA/images\17a\a1e\17aa1e5c3eb5a9e0b4ff5872d5e1d2.jpg D:/DATA/images\15a\d91\15ad917d9fbc12215284ca78372bdd11.jpg 0 0 1165.37 0. 650.862 0. 1166.11 488.595 0. 0. 1. 1165.37 0. 650.862 0. 1166.11 488.595 0. 0. 1. 0.15102 0.52115 -0.84 1.95984 -0.41332 0.80519 0.42525 -1.02578 0.89798 0.28297 0.337 1.24882 0. 0. 0. 1.
D:/DATA/images\16f\7cf\16f7cf62a433954f379db828e1f54a36.jpg D:/DATA/images\16d\930\16d9309fca343e9dfbb7ec71f5e23244.jpg 0 0 1165.37 0. 650.862 0. 1166.11 488.595 0. 0. 1. 1165.37 0. 650.862 0. 1166.11 488.595 0. 0. 1. 0.15102 0.52115 -0.84 1.95984 -0.41332 0.80519 0.42525 -1.02578 0.89798 0.28297 0.337 1.24882 0. 0. 0. 1.
